ΠΙ. INDEX MATHEMATICUS.

369

6089 928 1352 dolores 465 20011 2642 infelicitates ’10251 1101
H 373 1036 1367 19712 domi· 1134 1656 1902 11 (1202) infor-

nium 24422 24520 24825 2494
ducatus 1286 19125 117016 er-
rores II 5917 102 22 eventum H
20011 exilia 12425 11 8616 10222
exitium (-tia) 20319 2236 23417
23514 16 21 2366 24820 27415 H
292 373 6820 854 10022 10210
103223 10924 1117 11623 al. exi-
tus 2553 ΙΙ 9510 18623 25919
facinora 2272 facultates 18221
18319 26 2186 219725 II 13420
facundiam II 99 14 famam 26219
fasces 21316 fatum H 1215 fe·
licitates (-em) 4917 6330 1129 21
12724 13020 1654 19125 21813
23425 2353 24018 21 2419 24514
II 3710 5226 6029 1352 19324
febres 465 H 19815 filios 1474
H 5627 654 185576 19326 20324
24911 15 2024 finem 2428 18716
frigus 465 fructus H 1215 gau-
dia (·um) Il 19124 20220 geni-
turam 24016 29 2412 Π 13312

ss gloriam 6330 11531 19125 19215

21310 21925 26219 263 31 II 5226
5427 6029 8113 9211 19324 gra-
1191011 77 9 993 hereditates 1066
2263 honestates II 49 23 honores
8418 19 11719 20414 21316 21813
23425 118016 29813 110196 7312
74266. horrorem ΙΙ 7027 humili-
tates 2642 iacturam 1427 1914
ignominias II 54 24 imperium (-a)
3824 11223 128611 6923 7016 7620
792 8016 14914 inaequalitatem
Il 10710 incendia 1521 24820 ΙΙ
19815 inconmoda 12216 27 1933
20327 2151 2164 21912 23622
II 2319 22 3521 3926 451 4829
937 al. incrementa 6717 15420
1741 1874 21317 21717 2262
22921 23527 24112 11234 7321
1236 13526 19516 19916 2055
incursus 11 10117 infamias 1538

Flmncus, edd. Kroll, Skutsch et Ziegler. 11.

 

tunia (·um) 7714 1159 15425
2106 26426 111919 4617 6120
13810 19114 ingenium II 23 25
13020 157 24 iniurias 114616 5023
5424 inlecebras 15315 21019 11
9019 1οΡοᾱ11110019 1335 inpuri-
tates 2213 Π 273 22 insanias 1674
203 27 H 2017 2562 insignia 4322
19311 20414 21316 2371 25027
261222 26331 II 232 3525 4312
5226 6016 al. insidias 22331 10-
terpellationes 133 5 invidias 17 7 26
1902 iudicia 26320 ius 12225
labem 15315 labores 1101 115023
lacerationem II 10710 laetitiam
II 4912 licentiam 19026 2612
117016 11106 H 2041 11101911 7915
9815 20411 mala 4915 1036 25
11012 26 1159 1187 1192 11 24
13324 13410 14417 1656 23416
23516 21 23617 ΙΙ 943 1269 2021
malignitatem 192 9 malitiam
1929 10911106 II 240 24 27 29 246 20
matrem 188 26 109111100019 1156 27
636 10413 24510 menses 7312
742 ss. 1011111901 1921522010 mi-
serias 1101 2642 1115710 13 100-
1061196 1335 10011001 (-06) 1225
1324 1332 1427 1484 25017 II
2221 4616 10222 13624 1661 al.
mutationes 139 26 000010 1527
negotia 2286 II 20021 nobilita-
tem 21310 26219 11553 00196
ΙΙ 12414 notitiam 11553 nume-
rum 732226 24311 247 23 11 1623
nuptias 14410 23610 II 3515 886
11266 1131 1186 130151317 142
26 15421 1556 1835 19211 19326
24415 20 30 occupationes II 374
offensas II 54 24 officia 16315
18913 2232 22826 26322 27624
11277 627 7623 8819 916 924
986 12719 00019 111446 opus
26110 orbitates *21911 116120

24

